3.7076190609133457 3.289080279864179 3.4514358390759035 2.9020035041055725 1.5215104467574885 1.2267150165476246 1.1622623279111004 0.5302591476536764 0 0.45048209486363355 1.7124621385434182 2.4265052910103266 2.298732624070574 3.1039903155423363 3.463257588664718 3.5844263774009066 4.060736339708532 3.909087483943056 4.574344776774776 4.800970117963528 4.760463566368767 3.9928985830806463 3.5238078185761896 3.437014907688608 
1.9030854978470033 2.073101200525592 2.1901189302279613 2.1312317252281674 2.5057378454427237 2.704683844832458 2.752616996744185 2.3369281358222085 2.7499628753611067 2.0372485988661 2.0628451312431766 1.3471442691892226 1.201059515657906 0.924963808314857 0.950395757208973 0.3259587538148238 0 0.3552950330118404 1.2972229879266393 1.3966738866285473 1.5762540934918956 2.1643579534592687 1.7755544506870446 2.5879072438062924 
0.6883539336906648 1.5733917275284486 1.7605009406426892 2.080699324473151 2.07186025603757 2.185755387222217 2.393598597794465 2.5549042329240184 3.3688418621919043 2.551015827214311 3.374717234216895 2.785478210177526 3.0266840589673123 2.7923793492614277 2.175613571252574 2.0458069471174376 1.9585036128977893 1.5262681289410756 0.7309482120300221 0.6767435069208663 0.21732430976242498 0.685930934587706 0.5746979282643572 1.1311974059572558 
1.9102560436763256 1.3389919654800626 0.3957065307676982 0.5785567655957198 0.0026296087137612917 0.5483404458352226 0.6586049782554744 1.8889908727044924 1.6618779363594574 2.058976401600579 2.2274151230741195 2.98916482912392 2.730130186131865 3.0638700251739133 2.501183165405855 2.835985042179743 2.7156358895666353 2.7420174406896596 1.7260265518298552 1.4975914171039963 0.9082138068838035 1.080884025634119 0.442958005481389 0.43246036035348306 
2.2700306932966434 2.5541214046370246 3.433052286442116 3.941082067377998 3.4030903918491253 4.388723235703631 4.3015137840636015 4.30802499733002 4.236119636297025 3.4825544300997633 3.4718175095446404 3.2107372371127636 2.353858323519849 1.6827346581005316 1.185767756672393 0.040489283045263724 0 0.5157906081581218 1.8418298920755642 2.481360509675183 2.8833167382673093 2.9373020455460335 3.6988072169413884 3.565636830584353 
0.6875501370080166 1.2732105211377502 2.076787246155214 2.787396460863743 2.9803705299966388 3.4039822343510724 3.4523215733997827 3.4666605300991193 3.688649825190648 3.9365594784775264 3.6146278670054923 3.3620124783153864 4.096929381003259 3.124825421400416 2.927513063820191 2.7943694401479813 1.5586608137853477 1.1639660138656658 0.683705147158868 0.5342634288999273 0.20668419966099666 0.6046679402897035 0.9960185470259177 2.5024012233201303 
3.0778113497541804 3.022633304640463 2.871826757268889 3.4165372999988306 3.577450552143096 3.196117801289468 3.3626582208467966 3.354345637105203 2.8625456509431917 2.4494872102969576 2.1925004344167807 2.747719766452423 2.4397124401192114 1.9733397172688003 1.4686556380283535 1.2967243434413307 0.6964776770100471 0.22334484136626281 0.1064446608268816 0 0.5065256834441272 0.6561115853419043 0.9422472970083895 1.281907853928327 
0.4074545464794148 0.7450228644990886 0.9060794018023508 1.268171553066243 1.1384285616582306 1.935748453519008 1.9064226576474859 2.5543685120233564 2.2904397778891274 2.6695256841153094 1.9560033978694695 2.083841034809067 2.33101811426424 1.9151622554418948 1.924288477773505 2.201579007605691 2.0638965300277525 1.7957863712084592 1.453041929825491 0.7308210013395129 0.5076355799609408 0.10594486200276476 0.039731778229587726 0.012592905414329392 
0 1.037348728147509 1.6903990237456992 2.3971960096448424 3.1618656293926333 3.588664124754866 3.8855816299495904 4.691125395321766 3.6536488241770226 3.5751968581879803 2.7798804040091416 2.8843593518047266 1.7481828528229424 0.8050552076064561 0.7966351120980112 1.3836300197377585 1.964160193775293 2.7798981447888598 3.8467511089580677 3.7311434640746395 4.1608507576009846 3.7509831717412827 4.242506463898979 3.5993121243152224 
0.4874198232688442 1.6027372079485096 2.239258932555794 1.9554386252072715 3.3297547201556403 3.2414844355593146 3.3671467880337476 3.970814896780972 4.412053087396952 4.488522110910685 4.515662762049139 4.487056060599788 4.332426375887129 3.6223581743664632 3.0689948724065332 2.8901696325244974 2.400088096429473 1.5111784663213432 0.7657832784131864 0.3526302322511264 0 1.2126883754950395 1.0571608322824682 1.532649955680453 
2.993766560565342 1.9707543882342418 1.594829809740522 0.6939172605426971 0.6038318726537648 0.12148481249429299 1.3409095358013643 1.4873128552222865 2.4083709953202215 2.550565031284086 2.651130884082336 3.798263044349429 3.6454374848892037 3.8717864160054423 2.9059697811400405 3.3422871893908295 2.7524355034177326 1.8344547645914253 1.90483825653853 1.0976082103158324 0.8039068981619757 0.10520129677879841 1.3041602772476968 1.5069349858220848 
1.4888237579216057 2.202410883365867 2.489833713649473 3.5870262533097272 2.9316063047790992 3.9455592668366317 3.7285705037003853 3.812535265303709 3.5305164705715226 3.3462275536910178 2.466655672404596 2.2067453238505546 1.2051061938698897 1.2191720613039294 0.4760313238732084 0.6900045806673998 1.2029258264903737 2.214486858305516 2.359223861997816 2.5086874433950372 3.726382167312129 3.139337461426205 3.279939431725646 3.8230625024160805 
1.2191743721371915 2.153937340201155 1.9244764392007567 2.875779537572866 2.966033164300239 3.501112836512754 3.009286849163529 3.2593299308899737 3.312890181958901 3.613488856137051 3.4786210376360964 2.7331866838052137 2.18451578765877 1.9795252934996201 1.7054788221305057 1.292690769037411 1.0567797780667272 0.44781051491970697 0.01551240849015656 0.9622322922730105 1.384700842964582 1.4882254252095952 2.7625753684466945 2.3630492197930666 
2.7590319227643514 2.306325499316697 1.8335421617518195 1.3582969503959281 0.9166437623231176 0.9610584658089956 0 0.058363663300402435 1.0418484484163706 1.7501757705976704 2.1911723876246207 2.091590428805999 2.84506506587402 2.674700549122298 2.7404680036396734 2.980332615946037 3.2197283823778307 2.608508619047511 2.9773090162244293 3.139872945645248 1.8819013445022608 1.8144006605044114 1.1478970065742442 1.033543002674967 
3.161094049473534 3.192405257276864 2.5713740187519423 2.3465880577561022 2.3490390593143102 1.5587732240676477 1.418611381628375 1.2482979078516325 0.1663410935950161 0 0.7873805090150571 0.5324766662476041 1.366701937184993 1.7208806005704769 2.2055903035149753 2.4645443791070973 2.6671863267704206 3.587324324435044 3.5217733448656943 3.577344425553912 3.398880648985543 3.809891015124547 3.975655210424536 4.153488687808661 
0.6209845560011803 1.0388477821000095 0.10024192857681197 0.42528682365711873 0 0.11436146427305016 0.63396467438714 1.0754507332922831 0.31547424449167316 0.6708758145187859 0.9897259989171241 1.3285919081958413 1.8875812224707458 1.9545461161277993 2.0832008550738315 1.2260682665395324 1.4263990931543993 1.9618179646224347 1.6458109837589892 1.6853479964690443 1.8251869077882898 1.5498809188823186 1.655773281428514 1.416947592876695 
2.048705602688618 2.607735716611243 2.40172903788924 1.2110309595028326 0.9638981984139019 1.1088599129254881 0.05492989071757415 0 0.6680137558975113 0.7882824024316275 1.7589306368075495 1.667506365068334 2.5663004951143895 2.825352399660877 2.5843181140275857 2.812506765603208 2.1733208885487416 2.25226310270615 1.7759532559632523 1.0210266981931078 0.580230219307818 0.3127927432851206 0 0.17853846000554618 
1.653073339676101 1.5715738937034764 0.4926944550242046 0.2045865470940429 0.7856860731189043 1.8215360635367739 2.72672962626315 2.7020849506210767 3.4642146692115503 3.812205553035877 4.494798352511706 3.87046817760909 4.740069569348686 4.614422417955076 4.110669367167478 3.4881836483279796 2.3570799464920396 2.2907987230735296 1.4910969764744357 0.7345911166515138 0.45523282062824577 1.0332571067186822 1.2153512357710214 2.5199043843654088 
2.6516729684280946 2.2488961901977267 1.901224394377399 1.3529685248873742 1.0050862489241954 0.10525695303514399 0 0.4609373311861313 1.3914542809749744 1.1576712996050316 1.7689980721038538 2.3266038251441166 2.688592874606442 2.5134066038283907 2.5295228805752554 3.109206627571501 3.420574650242025 3.2039568456855516 2.670812473833731 2.2966964516125064 2.370990630994954 1.8482760786152819 1.8060543204281752 2.0940969941969585 
3.239095739612574 2.7292046659031017 2.648749495256033 2.843928993457627 2.3155712279039395 1.7281330088308906 1.526781670590291 0.5056776018655109 0 0.7912195487764837 1.0661607034953575 1.8546560245367654 1.809046085046778 2.3599732983539177 2.5478410557036466 2.8412712682092045 3.6504097722257107 3.129426648529689 3.732743709118586 3.7690933148261423 3.2576489558425856 3.668624830691633 3.492106210960701 3.2596324327368182 
4.115283629579918 4.267539675993192 3.9593945913936626 4.216433585818704 4.402823226618983 4.248142846719569 3.575587267414976 2.727201787985174 2.6284328218551236 2.2134910261365484 1.6772569962229378 1.1228005864988964 0 0.766097515416356 1.0991498108824667 1.1603712376354018 1.6220595423858943 2.1071522092618578 2.8582350883842302 3.7315159465927414 3.8369274823952746 3.8726250928991908 4.551541411633291 4.1811580697526525 
3.0744512962798467 2.6035097141154355 3.689520925279892 3.824244966022869 3.4845834915479474 3.3313406074608736 3.7988653285375635 3.658021758687637 3.5497215926154824 3.333559920799653 3.220901796655827 2.870849515263376 2.670228696619915 2.276454237229762 1.873463544479859 1.4770741498567186 0.3131978783043103 0 0 0.8436811798396529 0.8013283395261304 1.7701570833566567 2.06640477916245 2.083825560834393 
2.3382644614561237 2.405572098481321 2.2925888848336102 2.448011139008607 1.5954131107102134 0.9352111211059835 0.7178072103499955 0.902866942111749 0.6952207066295311 0 0.7068281860434203 0.5605536686793429 0.9784586628590026 1.4286349888589107 1.9893508354723657 2.5434170240152487 1.9271990450772383 1.8373753938321826 2.5473343313240036 2.783577156670935 1.8042337853127894 2.4447657913833805 1.6522163264332694 1.155307559915924 
2.5513707767183837 3.0516950026155216 2.468406835060414 2.293857419097227 2.158199962300435 1.3373344271018281 1.463316670194392 0.5569869676956867 0.6399418882532873 0.6318475611532901 1.1066864300121377 1.4993353255792852 1.2968050555081323 2.5322217630647055 2.6359945509302127 2.7420190271204437 2.8299556843186515 2.9979974067390054 2.836412723462189 2.330335108504454 2.2983001462658206 2.2937746461648154 2.311684671583173 1.2699721148064018 
0.5722916617988982 1.0400146142229807 0.38253513489987295 1.2523200784137034 1.116674374402364 1.5833619059466861 1.504802535247023 1.8936577801389904 2.005760951806926 1.768269821180694 1.2727419360369776 1.4049643425244176 0.5552382054804577 0.3549061340610731 0.5038145259290451 0.3132842037907477 0.36943858129961116 0.11660934762407443 0.5744561463697461 1.22049614190889 1.2228157498011054 1.7262541402697322 1.2713338192766175 1.8864946605760249 
1.5993542746001017 0.6194460069419574 0.8080009082495634 0.21573669243520116 0.07920532372613875 0 0 0.7416680470350012 0.8226695316246466 0.5961403824463515 0.5789950815348682 1.2652349492398243 1.337467243706422 1.0557741664043205 1.7843817839100427 1.1665243051034946 1.866258671994219 2.0365169862330266 1.4526898846192697 1.5798682810988502 2.271849095754142 1.8278527773506708 1.7570966383313544 1.6826332500861283 
2.582364236644037 2.7592939072450817 3.0968550278424796 4.204207827816817 4.393729144974993 3.799659376145468 4.364137989915629 3.810784073287771 3.757872312587475 3.7812899462144594 3.517468550355833 2.8157172976500435 2.0909154812475896 1.4902170125069052 1.1107705762320697 1.0763924955685182 0.4693416782035511 0.3519073671604487 0.9885680156970977 2.1821665618756256 2.040198320212484 2.4347302226856176 3.1177021794838757 3.7814253932603665 
3.4051515591173556 3.5536588344365896 2.4034567839844243 2.8510015712150927 2.1769055934407486 1.6562801917503467 1.9225865088055965 1.532179097385483 1.077829473902345 0.07649417773855771 0.19809990915302897 0.718305253198219 0.7177150895698706 1.2437198747285798 1.1279444607426932 2.1202652466771483 2.1591333466793983 2.2229417469379595 2.675148505759892 3.264431284577007 2.9860928883406213 3.6307294276440016 3.846136071229828 3.189539655240093 
1.9671391021029034 1.5163289809026306 2.50858703294666 2.5561090159724533 2.814383946529309 2.3690925816208783 2.4466888454276363 2.8036678932393615 2.901276654864614 2.8190989323312756 2.5581002729845923 2.7636830691959746 2.743961744711865 1.7113798332434378 2.231755307041148 1.7864440460467017 0.8311401929107904 1.087013389278018 0.36886562218827046 0.09030517063999272 0 0.9270419836749642 1.4564651063997132 0.9727504412057859 
3.126183426279864 2.720468925398367 2.39591458917545 2.4705633790498496 1.5319129443652035 1.170815114326935 0.4565581194006346 0 0.24895600524295125 0.848975853517704 1.330179930218731 1.8590814612544604 3.107608112653966 2.6093549000444383 3.780833373577668 3.7933480059446607 3.7452257217062805 3.765591077106377 3.792378594770989 3.8560131103064292 3.593762093142071 3.331455750299084 3.193488071680456 2.865203407185704 
2.271734481887113 2.324355827496598 2.6270292734137026 1.4128514187811345 1.24897676719896 1.1050954507738493 0.9306317650153331 0 0.1470710667770011 1.3763339049829328 1.2971555611732943 1.5250383912440342 2.1420572209698223 2.775227738029736 2.6153710356776165 2.607289722185327 2.5553740979590835 2.1703067691595 1.6998474151337448 2.1781934432870576 1.1793572785760669 0.3841079450783248 0.09233213868266704 0.18988037744610325 
1.589969805552255 1.8152869386596202 2.9218177235002236 2.996053290867252 3.701248422622037 3.1647273043761777 3.843469323471302 3.6645514691425367 2.9608066669488164 3.180123426320792 2.0181627529802735 2.2344480272577236 1.312365414845794 0.519082926905795 0.03586713703072242 1.4767498874441038 1.8440902640837105 2.1751492381362407 3.0867978384622243 2.847491828591123 3.6549988104261613 3.492866696367575 3.699324361468112 3.61479679211665 
0.01784363301854036 1.0644888237195693 1.6619251285863834 1.6790842358879243 2.33378048834583 2.8624911233334487 3.918178665189304 4.246727394050146 3.6875456801954853 3.782988686882083 3.7407956545978855 3.171347751983917 3.3091747050560527 2.1903984942775887 2.143907139006556 1.4062815748698845 0.8246534051551658 0 0.8464730981547477 1.2426369680205198 2.4733393354391016 2.474503317088021 3.2071271561878856 3.232850065106482 
1.4711186578871858 1.0050274090797453 1.3097707498027058 1.7648429650457922 1.8147533557230764 1.9962821065942014 2.2172115410572366 2.3984841019381293 2.135688948863641 1.828753904824249 2.3330636109311893 1.861397243793175 1.7236751430509603 1.883059017800464 1.2170924758051387 1.0331636647430549 0.836227134882497 0.29845453086454504 0 0.24686773588188593 0.7814986083466302 0.07508848549340069 0.9534607616529357 0.7593800493846024 
1.1023800188458615 0.9219069859229078 0.6787843526175317 0.02885321185334877 0 0.6471277627006424 0.831075382955812 0.47313965240011013 0.624353521914613 1.4565361923141555 1.7371345711611006 1.4674054001878856 1.357103782171987 1.466885363163437 1.4196447015616152 1.5582316307140176 1.72947997903656 1.9701948874556208 1.7906067962736778 1.1460460419995449 1.4314899770402532 0.764055501810343 1.176511512399638 0.5653917009165419 
1.4822079182605563 2.002368561517355 2.397513227082526 2.9173650569565663 2.4544748397912 3.0835290258703565 3.5666941012857123 3.875291503313049 3.778819259832101 4.359983178627049 3.7741379778577397 4.014625885800813 3.6058879769773253 3.992934417550301 3.515322091240916 3.5842250856720397 3.264654473615442 2.420219163191884 2.1603525423008003 1.534989871222707 0.6423512811284056 0.47675877389555216 0 0.4772994088708186 
3.6435219497946254 3.8244815272224386 3.9191287087996773 4.139411336873668 4.00540691270551 3.54479949674326 3.37536584757573 2.58247900832067 2.511428265572591 1.9644547420255978 1.148045267254195 0.653359801896494 0 0.4439112175819186 1.6731698219360134 2.0501379310960663 2.7762857866485895 3.2639391030011304 2.7777728879707055 3.444602647777273 3.699442388609304 3.4891858245126603 4.1568909944826995 4.4752816991045465 
3.493743360142573 3.351974089078746 2.4079256664834685 1.6798032863209524 1.053701054497837 0.23865240214846728 0.4103287856282906 1.5872893172997062 2.3654314158854493 3.311852949726591 3.8462678293653676 3.509850813197873 4.033333259708579 3.858845293636043 4.435750143945251 4.13647604748695 3.681302162124876 2.4634367787601508 2.0032889134047873 1.5121117060615121 0.6725231590599721 0 1.2990177726578405 2.0787485593167685 
2.530511592692042 1.4634647039238908 1.114864753056433 1.4643185789862327 1.1775656885956807 0.9329267206134193 0.6040478672297944 0.5696977381058503 0.6401917036331903 1.2731906531843933 1.109157808034299 0.960696522076245 1.9362577807336223 2.265060212616943 2.1303665345428895 2.1610416415092 2.1494584984399028 2.1187530469560074 1.999704263011458 2.438326094828186 2.5609487492039777 2.194740511310029 2.354736040011484 1.952074995433862 
1.720893978398983 1.7500450872290614 1.8370155706270779 2.1062889997984326 1.5855318849751625 1.2716112083057982 1.4836231218770375 1.6804066484768043 0.9460499462304428 1.1020578846576574 0.5238956755037152 0.2521596497067561 0.3975918843003887 0 0.14948157737458778 0 0.156996146699926 0.4983823642102122 1.2487205938752575 1.58766352360974 1.7036605384157215 1.9020495957746655 1.9001405101867617 1.78677104044832 
3.458698516281513 3.8267724915199812 3.5521109789018634 2.6387731368030805 2.509446572358955 1.6297381537100417 0.8620720771092322 0.3815815130013235 0.8141011310665522 1.9706240097756786 1.9537105133339836 2.772498339863765 3.0803927339723405 3.551894555563245 4.287007934150475 3.5358245803676542 3.5585967412682575 3.0867246978645606 2.7827174875472753 2.1332468397034403 1.9625799569720557 0.5835041050326861 0.39192863130173083 0.7771623531083839 
1.7996143935833344 0.7793409189021313 1.299649294388165 0.4549278379345904 0 0 0.9386519835255245 1.1885324110556266 0.8563840519270214 1.0512323003937367 2.1153213019873616 2.3005086324457027 2.1988321606725334 2.2290710928018216 2.8436962594145996 2.8304064504507838 3.0755293806857185 2.567362835350941 2.8798299319736853 2.9959488804941143 3.142924805247068 2.1398837087422624 2.579100232366933 2.211777220802346 
1.6817973479010297 1.5122766500070641 0.4030735967461735 0.22722618524570748 0 1.0325756740961405 1.137227408397054 1.3355953154426536 1.6128815413041684 1.8411871686026902 2.1430637642842028 2.464456569289479 2.525170615566134 2.3111179521179697 2.738257875521138 2.6398657049071974 2.603617270826946 1.7937750934814396 1.3099865677279214 1.3999447777574567 1.194721368270658 0.839370164486591 0 0 
1.9302191361134657 0.6955321173857342 0.5273469818542244 0.2155623167386555 0.29173528360213574 0.5717793775984095 1.2736751464245208 1.785342366660144 1.4486019783109179 1.8299737313987348 2.2164776119193816 2.6793475761705414 2.1046445707850117 2.0381273802106286 1.6624716801503263 1.4603183640576445 1.3360503177991783 1.0693751426972415 0.9631449332948123 0.31095658878646254 0 1.0240606112583452 0.5506509384155157 1.4367305078089931 
0 0.48778936066569945 1.2097140407374316 1.515166408190561 1.9672135309731913 3.0478303878325876 3.1330044959873677 3.7963263049985976 3.528995986710191 3.5366034119985317 3.7353077058254853 2.7173313795233507 2.4416249059885065 2.7724672085264666 1.6515913656503685 1.3853393266895828 0.5099057154786647 0 0 1.3169251613326785 1.9819550869501104 2.2275043440905304 2.7871267871867933 2.613607393499456 
2.7116404397344716 2.5963906161211967 1.9301265003984676 1.2545799593108369 0.5825462493888607 0.02072952997037977 0.8589313032377894 1.3087967067762953 1.7156530970371775 2.4385833960561496 2.8291472444720482 3.333639574758477 3.4818962907080238 3.687853199696022 3.214604459217619 4.096279194759962 3.903253292397526 4.089015868494259 2.9750591425112796 3.601953383474471 2.4219410202130147 2.7448008631270326 1.7742711711686177 1.6514425379721511 
3.8425479101770734 3.5322042944840106 3.1441286621203544 2.3903541617226143 1.768562615129413 0.9722479293841745 0.9846150036853454 0 0.3362617629886126 0.42247972088671804 0.9906284005721615 1.882631412968533 1.9941458140710138 2.374471063653968 3.404094948229758 3.6401496103740567 3.2832212164502983 4.1924141643999056 4.428884898075964 4.419417800458348 4.546371826122527 4.388992070012775 3.8795133567491598 3.821346269301941 
0.8192999957484937 1.1403061644496109 2.351414034530419 2.2627134251874037 2.8106070281773454 2.582204443559044 2.9863519250442305 3.079990190682883 3.5905506929155333 2.9657220642246274 2.9737058445750373 2.5172237329694442 1.9177534391266524 1.64149294719569 0.5543947210849078 0 0 1.200028632873668 1.1050921301926784 1.8913655080685166 2.262977964873961 2.44863214138655 2.7741617182021536 3.165975589537511 
0.784897132925723 1.7714620939838142 2.788556567302322 2.365870536849647 3.213711070768023 3.507092279465394 3.8201526422269665 3.0658913132011847 3.8577486871643365 3.6663053971038613 2.893504357834407 2.8423002527555967 1.703156728587987 0.8377358867430394 0.23371761909722755 0 0.4069301441431615 0.9593492965945327 1.838299901719622 1.911766112999893 3.267868172620442 2.8925625634468783 2.9614605391483035 3.688441085936483 
0.1755972924755722 0.745944929538252 0.9251159515498275 1.0162699932792136 1.5984882381944097 2.102854080295786 2.320461423971019 1.6136151532888114 2.005240175400089 2.0268265250791315 1.9505439326788532 1.8535054478049982 1.9734313620706758 0.8542796587328544 0.8719606316656112 0.4384252586997768 0 0 0.6696155502674617 0.7254172955559708 1.0462596767762375 1.1050156464587217 1.6279699359870372 1.8705112430427029 
0.7634064079253964 1.129208374839135 1.7034281371837343 1.211423524950284 2.0680085485499906 1.5835839546577457 2.2537274168096744 2.0530540022318444 2.330517519110492 1.4949897892176718 1.7125990017519446 1.3257219830955491 1.3189934541126132 0.9271377549120785 1.0605981395503006 0.5196807805668249 0.13644634425327845 0.1476209855278964 0.2971239397164755 0.5097887614390239 0.8162870182552417 1.1969456076813905 1.0508831214395453 1.5469520857663106 
2.27171636963105 2.5807933106657712 2.1714849196878854 2.225722844591246 1.8274944773568358 2.0200402782581324 1.442574729843531 1.5263023904330648 1.3070445613159305 0.8168662935050981 0.7528812500425597 0 0.8910373553261886 0.3928369250429065 0.8865310212822841 1.7681878571401297 2.161820275805234 2.4820747921881297 2.6909873705167207 2.5872673695614488 2.199960074136919 2.2424858857729983 2.1281865138826084 1.298519873043256 
3.185165694699327 3.3050581744885896 3.2125396415991148 3.2029618250707728 2.1010478355660607 2.038692968662831 1.8643603299814253 1.848495059177126 0.8662603688265222 0.16893969793510832 0 0.8035855587128402 0.5230885657739764 1.4635920227909702 1.4932740533894648 2.424784931207184 2.249564985050533 2.5457736987722717 3.11255218180795 3.0114134143516695 3.2450250216255765 3.203616283197849 3.870377718444561 3.1604043377945885 
0.07427342062712433 0.5798852359424076 0.6504865953840608 1.2736415673379673 1.7783239759849414 1.4713121634162463 2.24236016573541 1.4355114227290735 1.7652686929450072 1.6268082565132715 1.297278954516355 1.4887840617486234 1.3207839086968372 1.4190238596479714 1.0122130452246256 0.6062714557702474 0 0.09885665892502615 0.8520439181151307 1.2030545880944183 0.755600794762352 1.2100057908215938 2.011882645128734 2.1732658807451117 
1.8899349082808314 1.5070078011947583 1.6128434022342324 1.4154357706919851 0.7612119323355324 0.3729752988304833 0.8612469545348846 1.2203535214704706 1.385249321936269 1.807580121985764 2.535765153884034 2.3642529420387963 2.6833785377071897 2.463589499628859 2.3019589455561245 2.546601594935119 2.188072979457573 1.5783616648905938 1.3515860120293315 0.17558129916600584 0.09289841194830636 0.7310023870278068 1.4140837307966816 1.9805168563791182 
2.946534805672196 3.5846853003283368 3.3879855973582576 2.444921207564486 2.087705962187017 1.6977507364191295 1.8193165671981881 1.325188662988629 0.6734105320031585 0 1.0445768215895486 1.7977432953087762 2.1299751174221107 2.4683365407876234 2.615990698664531 2.6991141420062488 3.6522536556780345 3.586532232249433 3.5890425225768547 2.978301419277129 3.1985306701872886 2.5765238976571507 1.9773863180090945 1.3160809384092722 
1.654228018979737 1.4803662060243654 0.7036546492195002 0.03910555591348802 0.31437945108162385 0 0.5642295279728895 0.5626222695483485 0.6989946977286217 1.3668085394684195 1.4059391333454012 1.1545688398177252 1.966585377929547 1.2543459430923711 1.784437046469121 1.408560554202637 1.7837546357992131 1.2478191162683006 1.324855394435654 0.1753978773530553 0 0.4104829999445954 0 1.0214097393668997 
2.3682581405110033 2.1848025815742824 1.4001741237928373 1.0876759582667836 1.2988755529638492 0.6100800269238955 0 0.4515690351671855 0.4227868593529935 0.876127437832237 1.1551672992033317 2.10212233769953 1.9491452918152539 2.182334133291428 1.8657592300255297 2.330132601973261 1.7634916262402751 2.4293781201326228 1.6666570208369569 1.4714395331129206 1.1816638718130865 1.0746593814633358 0.8547929235034266 0.43310314610897044 
4.284998755458237 4.267184208421226 3.5677254504525355 3.340571068976462 3.4521654319124115 2.3281114744288924 2.046867416591048 1.1533966713969657 0.4937606828720005 0.06939732168289914 0.8404626344577888 0.9956577768466717 1.4696333462661766 2.221799869657013 2.4643282719819686 3.5389409713460993 3.1723953055378575 4.409319687917559 4.494096392495588 4.524467746265991 4.627335072210679 4.448304249795419 3.845956361089367 3.759683226420693 
1.774533880143526 1.6016301736400078 2.2415423673176496 1.7535247481355534 1.9721242101195227 1.7136921587508798 1.7255825667699374 1.9695185173441256 1.3192666839033553 1.90875633572244 1.4465719729972575 1.2838995785085359 0.4435590698046909 0.5421702004115474 0.5442895239028681 0 0.5448869425558426 0.21507644834302747 0.5818205862154222 0.9050249475393368 1.130861314052113 1.4597589881249116 1.8432468199074943 1.9843730645043374 
1.2954519831882418 1.735007413928506 3.095808018863637 3.4009542752692097 3.5227755117732404 4.3420917185218375 4.069092997844361 3.874527034869845 3.7076319458532927 2.747759563685115 2.3492208471287 1.4132857402261088 1.0303903563820476 0 1.4127902357307753 1.7507954747903383 2.0749839013427014 3.572977980743882 3.3568736885477666 4.256610211449567 3.5217166829181203 3.6024328413353066 3.9828965012470015 3.39892423014701 
0.012529970364592802 0.006670698378217543 0.6367217882758647 1.0775635837828081 1.6357406076922196 1.275502049388866 2.451761478379843 2.0845622658123864 2.7635560095628433 2.650362095636252 2.1662681011881775 2.4206413605846557 2.1555091637219874 2.424039393326341 1.951640105430756 2.242771057961681 1.1874725299697904 1.0499516601003551 0.791085795938953 0.6077421515802589 0.347040463255975 0.4616222459603352 0.5909236122258315 0.3778239773786684 
2.0166579763142227 1.65856910593153 2.2337820591533126 1.301637128332776 0.8718278882185115 0.7305360414159802 0.7850035386712824 0.15698801907917648 0.9683354244164242 0.7689155058992758 1.5850390316507867 1.841837438915597 1.9614660661712495 2.1162316546039768 2.5256783732046055 2.1222692846602333 2.2680857073989413 2.1373102760560077 1.9686956642259854 1.525762503999295 1.3527139130157528 0.505760134239602 0.37402216869769284 0.5805557347365846 
2.372364851825515 2.793343681475272 2.889035103091896 2.1386416140760973 2.878919980340239 2.02015732830736 2.054244264694979 1.9040259938901598 1.9499927117244424 2.107111561241715 1.722752985318632 1.0936431781349076 0.49860419607474843 0.44892425627691646 0 0.8217880725686355 0.7211818260990749 1.4078038743291115 1.528227245738719 1.6781741671057735 1.7384729809545718 1.9744862210619172 2.5309249133628886 2.3235849058229765 
2.119961698698918 1.8330999176525802 1.1280354027361157 0.411514874250486 0 0.2873684977738766 0.8698815032206904 2.077973831740327 2.024059832074898 2.8937252622027616 2.8871581783715876 2.7704356965491326 3.735165757024265 3.9564743650379297 4.257475094539423 3.739106158207554 3.983264356280845 3.908635664967503 4.444091189864058 3.425427444192872 3.760077542898579 3.438806991519678 3.2820069762268753 3.1387025051129136 
1.0939199520952112 0.5572622614707435 0.7046694452649714 1.5342749074663358 1.3958889168211455 1.1064283823729815 1.354741882647811 1.3076473832351356 1.7685693998950096 2.1023242468314174 1.2519430612084559 1.3059596331655006 1.749100090883234 1.8993753939087517 1.3585768918853636 1.2266085127530528 1.0219814898103752 0.4801180138488797 0.22953903392746194 0.05354191053212759 0 0 0.3234926864520325 0.19667460943568443 
3.3053494744852645 3.7267647750511115 3.4930648000605626 2.457181691700686 2.612651929701076 1.9468952687465395 1.6440495710963046 0.5843228266565976 0.5581616770831714 0.49172820155149466 0.6514948362997333 1.2989596569308912 2.3308022707619607 2.7114344694216297 2.411649087181839 2.9458557103839556 3.2555749395762974 3.052883000544061 3.2097554034410836 3.808069091436397 3.4744307938255456 3.1015948641489532 2.818816478185013 2.2564175037221683 
0.20071265562316856 0.5328135998671453 0.49737612753546717 0.718833630249526 0.9599682274072316 1.4483566301509065 1.8114374137433047 1.692103931887794 1.103991471300245 1.9417245794143305 1.261161664304614 1.2529661609583123 1.0341111981190523 1.1669257494943295 0.39981922339881276 0.526973307227957 0 0.12087871309194664 0.9614932990835321 0.7083856852033664 0.8553315813354092 0.997375638768381 0.897422507924126 0.9704507203711116 
1.8749217581191844 1.3484863729785626 2.244693825490672 1.9609422672652006 1.9168543944576912 2.091783330456861 1.8101871530038844 2.316968632327759 1.8306541600567243 2.103326604839074 1.9815458452497712 2.3954225676583785 1.6108120206168794 1.4372529165258283 2.0400175664030957 1.8558221657830374 1.234296200448785 1.1228249821116438 1.2365615366010592 0.6970996193910508 0.36466217990969374 0.3536467271761635 0.07945580177150013 0.6878762519481859 
2.812063086992473 2.208849519944182 2.6692404573074864 1.8260413202239318 1.597412058994508 0.6924775168304148 0.681005483272384 0 0.37151925398936575 0.721423903676427 0.7754104792246135 1.421302630263014 1.7567458500263875 2.618187529185909 2.21730514971038 2.7660907555055623 3.235898353047392 2.986665012117239 3.9258935894894185 3.1681590017808836 3.3675768535473707 3.8548386806318415 3.860334681090241 3.574513967824385 
1.6894846099541787 1.4974475844632353 1.5294216756478218 1.1365991401566753 0.4438421838064222 0.1772990074968633 0.5832178297353601 0.6362987328274821 1.6186930218346571 1.8295747181769495 1.6322677324773815 1.7381391025728388 2.0937494643195236 2.752790985659078 2.5460393711504214 3.121830419075679 2.8623949673627234 2.55219390555188 2.786783955795679 3.152877644172258 2.269878066546173 2.80013472985464 2.239031543447725 1.5232416450311659 
1.2036944259158193 1.265567453032229 1.934029583078754 2.408019113389975 2.6811596850932133 3.095428392178173 2.381103259768102 2.9665263297617632 2.591917725255019 2.9095190195227607 2.77240763633993 2.3957551783052677 2.5204614166403094 1.7499563703359093 1.5567303357145825 0.9558396640351232 0.7282838781181584 0.22628053887916783 0.6852789207393039 0.4936217620817595 1.5934968314190123 1.512320850559259 2.3104554710236473 2.59650661227312 
1.5151251578381342 1.0960669204138789 2.0883790599290695 1.5546525408816514 2.281946428744298 1.8583963822156149 1.4219014295796768 1.2517939828298612 1.2503248801109221 1.7839188142496334 1.2044505325359633 0.9047734837872303 0.8418492988497404 0.6629134428975637 0 0.03911762045892375 0.9753444615418296 0.6994725764795953 1.200957153560511 1.0497924365842706 2.0930795691599315 1.2802487205760622 2.2318304639922237 2.1131898193493894 
1.7501146589052674 2.1510749552651145 2.0677595161381985 1.5659301691391645 1.188733511264974 0.51165238259512 0.5674003194995381 0.24070616684157695 0.6674728388255848 0.6562263689539286 0.9754493705930332 1.0728912756043394 1.9464917240860236 1.8753859761460967 2.2375298286692225 2.5300827708097464 2.49758039768435 2.4859244085421954 2.5577417969657086 1.4438330571320666 1.6947006779779739 1.481901241622428 1.5107761494938428 0.2263482018902327 
1.495886282138205 1.3735046118537746 1.9539587803199654 2.3054223767204585 2.779645268480375 2.164990862124499 2.7553703407174055 1.9802349893807016 2.1538336608242252 1.3433530011605963 1.0516237195122966 0.3241897010904067 0.06579510675117595 0 1.1071243244832027 0.7992226629230971 1.8633758530957714 1.809137247900474 1.9475368756245897 2.1034361091552403 2.33452894648695 2.26663735253142 2.427080719975415 2.2800497773367283 
0.7622092375682377 0.6263446857188071 1.3402856672316628 1.2286285190092818 0.9809117401449337 1.8643090242916007 2.1720416386867147 2.2599849700610406 2.0959030330550785 2.2416758896060855 1.7848329813478103 1.8815772786816418 2.125396530615659 1.4425599483923977 1.6750466832916624 1.352915351638629 1.6622377837942643 0.7851113010197841 0.18471720759397076 0.7381483629462465 0 0.6923155203681819 0.49487719876316566 0.5244242792137228 
0.839146575275407 0.5664777057409072 1.1650023644043572 1.8176814208318524 1.3511082919475486 1.509357501963847 1.582310520135869 2.2774072062264104 2.32493862743786 2.6694711556030613 2.2622289467639463 2.0014956627871445 1.7631632165979312 1.1279668666506972 1.5346135667945935 0.9628295427656435 0.7687228330034833 0.11001063252186755 0 0.6026025113590969 0.8564604155526163 1.4561221046677928 1.9503101954226985 2.233452972489735 
4.381470964242896 4.394869345208053 3.893758640967639 3.553731583967541 2.7785614097408717 2.4899764654151504 1.7948683091276938 0.6215107962052364 0.48115835668133977 0.4714384102058596 1.7164087104085222 2.4328000508037304 3.2616297880633622 2.935072748644913 4.043448933164729 4.056346919392034 4.526270651050979 4.489262236038837 3.7395789182481205 4.159345465532367 3.8430647220699012 3.3304117837410177 2.5992410831632924 1.4441926199042838 
1.4008298015502083 0.9649769895871614 1.0450662315392596 0.4725908138963585 0.8052922410227135 0 0 0.536304856713864 1.294502327971845 1.5130345160903136 1.4192234197109284 1.921263220917323 1.9773227613949098 2.1341414936596665 1.9882727147048955 2.044284627477604 1.669126702476477 2.0538628041334555 2.038836075989412 1.7897389198717055 1.1677956274520944 1.4318740578031808 1.11802144095557 1.0102467328989468 
3.687553217526106 3.5288831315489233 3.653722377096714 3.4149512044941486 3.375918607133593 3.5497702313461676 2.572963856697276 2.633041191960669 1.303024023193709 1.0120954194699112 0.5480045621464855 0.16228437305079638 0.37812352968373786 0.9927779247359638 2.145185937705927 2.7290498660182987 2.772885513266573 2.885061091411089 3.8361735542385995 3.2646303250032798 3.5571000302230162 3.8153583504155217 3.819883078014725 3.8289953973364472 
0.1094378539123034 0.5379167790016417 1.2898502156819802 1.4765249995699623 1.2454481788999832 1.9363068416597842 2.2604444338906498 2.5821642984279958 2.469375950685747 2.8936410685153566 2.7320968778820673 2.4395039080122243 2.259976867017485 2.535114448034552 1.661853952307706 1.3707902299397485 1.5781899481033845 0.6817615504889081 0.797589134410349 0.009333700950426793 0.33727358873124536 0.012517259964368255 1.2331834271604443 0.7501645805077966 
0.7300714880439341 1.4534335663299274 1.306347072657151 0.6536645774047418 0.4361862880900628 0.18563148262467788 0 0 0.5981169116690492 0.04964453295105703 0.8437477567872944 0.649335810759787 0.7602439217009191 0.9823086908181698 1.2446177292855922 1.783863637890155 1.161174288692687 1.936655917156408 1.9685058248918823 1.808712869625806 1.3690079493373135 1.3497300651627477 0.8934574781538163 0.9014211486320527 
2.6095135818909947 2.9189719886106293 2.397975419033228 2.813487650329625 1.6322656011979295 1.3760246475591014 1.4299624617324596 1.551746889301048 0.6060906339033039 0 0.5784545758314525 0.22840587655175315 1.3335952424687287 1.5269563737429768 1.769572787290632 1.8704794290570392 2.7027498104659067 2.986735567319972 3.0562754555110656 2.5597485381542335 2.8439403610196274 2.6394716889361116 2.744532595308386 1.9803020036600898 
1.435354209312089 0.9627825739258224 2.1815638503930668 2.1732946345068167 2.624654175365489 2.333744857040044 2.639879065528497 3.097762652269079 2.861876419897652 2.2956939702737236 1.8163046211329992 1.7980223392205656 1.6979116431504035 1.3626010487213174 1.1987555333783864 0.06620419319722154 0 0.78237929829117 0.7020325806975484 1.1146478272175242 1.8576210521823608 1.898211766468247 2.176953624885516 2.0371433972442374 
0.2861340307574329 1.1400056754396084 1.7384098055332318 2.1669774515795672 3.1839278824286974 3.0645759716456498 3.865426996020943 4.266235005668383 4.602569825420873 4.104490550446687 3.7616553429661606 3.545513126807549 3.1826485191705007 2.565754857127043 2.743638413505681 1.4765475641105437 0.5017526118552313 0.2886301527392772 0.230276124606284 1.2533100773720467 1.834130654555462 3.141730062370148 2.741813676240879 3.2541423847340236 
1.9776125568601195 1.7559903591528385 2.4391121850063753 1.8706208162536946 2.6936982403915795 2.2065466453458256 2.361056482060346 1.882224660932964 1.3450430793126456 1.6942331206218697 1.8713390969771204 1.045732284740347 1.161569695874892 0.6814037682011371 0.2636141127777728 0 0.5258655003909027 1.103138021791455 0.8590734541002619 0.9935358627224942 1.4581163813838898 1.5650944464305796 1.5487655939634348 2.0125731850033053 
2.9461315573423046 3.517713758517182 3.8509257111364112 3.641146161074277 3.9852677783562034 3.3361755465147183 3.7293940379294224 2.805535646651988 2.665366762033556 2.510913388052321 1.932297329231153 1.1309684347958946 0.5126989054394112 0.31524139935193346 0.5179957415715635 1.2490831598849146 1.1184194741657607 2.0120361655503385 2.9207402238052866 2.6666393397786106 3.4780451817444322 3.082424901639508 3.7677915919534732 4.080577206447904 
1.1615905624200602 1.9054398080971677 1.9005973278194899 2.3966423660879923 2.5798352943940825 2.277955371495703 3.153501826425619 2.6378016175396346 2.2978500490960423 2.4560831865050288 1.9446308440614994 1.39913558079861 1.109594778684493 0.15378986147559426 0 0.38411545357438587 0.666966206639003 1.1039849133342137 1.5199711087843573 2.0239795923638626 2.5126450867049095 2.214960648825401 2.4903229241392952 2.8265019753207055 
2.2308401720592417 1.5403967210337048 1.0050231545107082 1.028850218410137 0.5569224329773048 0.21444196510350705 0.4227132861393528 1.0463656101418537 1.2325467243739836 1.8462295258822252 1.7260882426425646 2.293150822001336 2.639139744785771 2.31984507517473 2.7380724245825077 2.4968810500130694 2.7466631051220776 1.8766041720686952 2.1697694657826734 1.545051352718633 1.296656114763251 0.7892012776776911 0.22274798443388666 0 
1.7792353487206776 2.1687828769387454 1.7957684264355078 1.0230546824705316 0.2846140543440399 0.7040922287067246 0.4369165892496505 0.08666915913130896 1.0337149825195477 0.7731650084879055 1.4939758081580283 2.2136885855818407 2.5956760087561124 2.2209568118771927 3.2604860409112164 2.569927411894552 3.711345896079077 3.1827065804289623 3.7067301261088774 3.2481471608361954 3.5261775543139793 3.472699063649052 4.076487179440039 3.690500571195494 
2.1215772242491133 1.4139211765397928 1.2105024799047677 0.5200907921539251 0 0.6342983321665923 1.6433085617564438 1.6925428053954035 2.540650768232534 3.5275749962618272 3.8368603399696757 3.8177634780297067 4.242652232512161 4.513550800372376 4.321286933327229 4.356398684622616 3.7940373761623136 3.2283446502695483 2.8855806093524734 2.450446029284731 2.042845388084628 1.1607990674867437 0.8705468165736836 0 
1.8150787316325123 2.0533394966485954 1.4430183434301678 2.1388935685356105 2.4614081345609398 2.0554987401736953 1.6150639185882223 1.8925394504335875 1.7467311418556235 1.5591404276444545 1.8591333864841735 1.117075729206321 0.7003586865788214 0.9757037356516904 0.8235322738329116 0.4071326540375363 0 0.8460979182725931 0.2666911013693096 0.8146619539879064 0.9074631413919486 1.6133102744569203 1.3575362056956264 1.814367578034887 
1.8672947139669496 1.3711925248936905 0.5851805238509701 0.43653887130247704 0 0.49487032323166624 0.36992608018786444 1.5711756111829227 1.1409094234242043 1.7274038611354663 2.4911286073711834 2.9403462647293677 2.4179756911134285 2.69771017544758 3.4847382892998935 2.776269772204371 2.9975099728246195 3.43713286434934 3.060934278190306 3.0557611167235885 2.6369028561625343 2.7357959835195773 1.6649925268527999 1.8560594428275585 
0.9811414824132998 1.4691073244504462 1.1682307881825418 1.8290522813863221 1.3082295741964982 1.1965276282961326 2.050074628060983 1.712464888970564 2.117404613693059 1.9933458069962613 1.9138295194406345 1.4181176551921741 2.0414981166633472 1.1991887593511725 1.2046282990990067 1.2235881988653157 0.8629981275817895 1.3941171828141836 0.302664156128835 0.11496706282732361 0.323457154537765 0.19845201938867973 0.3605497679552029 0.7320316331682124 
1.7241452220065534 1.545339568354125 1.0840829032805654 0.5685510268004552 0.3934738524761332 0 0.188252687460024 0.45052260280956763 1.315121238823456 1.9226232915436832 1.5114695008355012 1.94513288099996 2.5557262136764227 2.3175014749688954 2.0261740187689 2.328655367170171 2.0396624529334755 2.4905031197978724 2.4524068390096305 2.1604047306298892 1.7046861410206242 0.9664672745545287 0.9530589909131363 0 
2.2531436975985932 3.061001137779816 2.9010785165316264 2.8946930401178337 2.9072972522495033 2.6951543472093302 1.9805613424722217 2.472427388654365 1.818510342004907 1.7437129342904354 0.6956307520278848 0.4491244819991712 0.4269728051938239 0.5736656091268724 0.33517123579615266 1.2255605807143493 1.1264531187024316 2.005713338586841 1.9418006632264333 2.215861351036416 2.478575547671789 2.7240102108393645 2.282792028217805 2.7853301543018265 
0 0.13704244391230452 0.5156065553207624 0.5454404682568891 0.9576120814526792 1.5257649581822832 0.9382365780409323 1.915057123470131 1.9134443426500243 1.0446098408384463 1.3720795118847247 1.5094831018782637 0.8655078921008982 0.80160511094831 0.7056438758502157 0.32795586601537546 0.4234380093627011 0.3332151830070812 0.17148848903139666 0 0.9490743244261763 1.326923306353967 1.1343777446400372 1.6375311722267833 
1.6300326665227585 1.923917831161714 0.8932187707036264 1.0354266600682176 0.6307964140938445 0.47581652005616276 0.3010088384520867 0.39915911067130355 0.7631026486931531 0.07862610624190138 0.3161371326584874 0.21853941823555195 0.3973435348101821 0.6506321418039938 1.0631272772001756 1.5888868725859018 0.8844738854042863 1.6357666950336494 1.9178207418811575 1.4839770834219705 1.39419216055903 1.8629714406845632 1.0809886553240848 1.702596417444385 
1.9361828995784367 2.587955661087275 2.6131168885945675 2.406328136127814 2.795760037485169 2.3543342112350456 2.270447354477275 1.913666074972289 1.796490675786142 1.5422688706502705 1.3592923546542168 1.332939025510779 0.38859723267379437 0.21288707432507825 0.12280444338184615 0.2784803610751418 1.012245145860895 1.167978715574542 1.2921737134509472 2.448809523015816 2.036128771895238 2.2443831640736036 2.1967079363704545 2.8952336374505245 
1.1317490178726117 0.46518504814881284 0.001991791160409928 0 0.020563654771425854 0.418738925827405 0.7680976687910412 0.5940229205581657 1.3424777301091222 1.0277758964772725 1.6119457470173097 1.8112609154563863 1.7828614711681068 1.3929569704636156 1.9834690209405608 1.3399892526583068 1.6401140165266932 2.0032114133830374 1.1788822633253393 1.5669733445103728 1.4109566367046626 0.8531062759706436 1.0545560038625776 0.8411564022198641